38 92 385 keep_right
13 105 356 give_way
18 1100 1212 danger
13 1212 1417 give way

40 1479 1691 roundabout 
38 1479 1661
13 1479 1691

22 1880 2059 uneven road
13 1875 2038
13 2055 2079

11 3315 3443 prio at next inter

13 3807 3887

13 4891 5054 kreuzung beim huan
13 5114 5138

1 5138 5371 30
1 5417 5537 30
28 5232 5541 school crossing

25 9507 9644 construction
17 9650 9698 no_entry
25 9972 10032 construction

28 11746 12005 school crossing

13 12272 12555 give way los
17 12865 12896 no no_entry
17 12910 12929 no entry

13 13258 13532
12 13561 13861 prio road apotheke

12 14779 14891 inner city prio road
12 15178 15365
12 16772 16819

12 16994 17066
13 17051 17077

12 17203 17359 berg hoch prio
12 17607 17863

1 17982 18100